100000 100000 0.1

500
18 12 20 25792 10213 46 46

39 16 19 53358 53056 22 27

42 6 8 40659 36291 42 38

31 18 25 14029 93935 31 25

11 11 47 3432 31311 6 3

34 20 27 15832 25100 13 31

33 22 7 82777 99940 48 19

11 45 34 87993 77699 12 11

49 1 18 28478 38517 37 46

47 11 19 29105 24880 3 8

27 7 15 66030 27818 41 19

4 34 46 72531 50713 22 21

40 12 27 8143 7988 13 42

2 45 5 22375 42852 4 27

39 44 16 16834 40361 49 10

41 21 31 91161 11858 4 17

43 43 30 32356 41958 23 14

16 34 18 749 94051 39 31

46 43 14 9943 27781 16 14

49 40 45 23838 62485 15 19

42 4 9 79932 62522 3 5

11 39 20 73188 24037 45 38

17 25 15 77947 46516 32 29

9 22 24 555 81736 8 21

29 13 15 40383 26313 1 26

27 27 38 2123 71321 13 33

35 43 14 47999 91382 20 22

40 33 48 40710 76538 40 37

17 38 8 53593 2220 19 23

24 34 6 79348 6679 4 40

17 8 17 97816 25577 31 17

47 12 35 38612 85723 22 8

15 7 38 75662 98451 48 6

37 12 37 52674 71213 7 45

42 47 47 82384 42034 44 20

19 10 33 98813 90685 48 22

8 44 31 1205 46765 39 32

34 18 36 25681 12162 29 24

29 12 41 75115 7078 23 43

16 6 49 71845 18520 5 31

6 5 14 93112 68135 29 43

39 19 12 52214 85485 8 41

37 6 15 25376 47962 16 17

14 41 8 71190 45744 35 33

13 35 14 1020 45643 24 4

35 43 34 68227 95823 3 41

13 28 25 37856 8229 10 34

44 39 49 75392 38353 43 48

6 14 46 97198 3816 11 30

42 14 48 94627 76259 44 40

5 33 28 44152 74183 26 34

41 26 21 81688 11099 12 20

29 23 33 19327 98890 11 37

27 49 9 57044 50404 27 15

26 37 15 75973 12632 33 38

24 20 25 68010 52900 11 22

8 22 6 80126 5299 41 43

7 5 46 83879 58901 15 43

30 2 35 54140 83501 14 10

25 24 39 2574 93006 33 17

2 26 22 99561 85278 14 1

31 29 18 75534 84747 5 37

44 22 35 88138 83713 4 7

4 35 37 20090 18443 36 30

49 33 3 74900 52461 23 42

47 32 16 52450 51276 37 10

3 33 33 32262 22988 27 5

3 15 28 29469 77067 14 28

27 5 20 21997 59889 45 16

21 46 47 83095 98641 34 43

42 18 27 74532 62218 9 27

35 3 4 42133 16541 38 28

10 31 28 18259 10985 12 48

17 36 6 15881 32431 26 28

33 13 1 59471 85355 8 23

35 21 46 2023 68027 32 42

38 16 16 34350 66427 45 1

9 32 5 30742 1890 48 30

39 11 24 16597 88934 46 8

15 15 29 66120 65436 34 27

1 21 47 71270 39518 38 23

14 49 13 46772 27820 41 29

25 23 21 92858 3962 47 35

15 41 6 93495 54881 1 20

27 20 23 82671 78825 32 11

24 40 24 32751 781 22 5

14 42 45 83714 73303 25 1

42 22 38 24347 28893 22 45

46 17 3 71493 20391 38 7

31 32 12 85489 97101 49 10

2 5 23 27423 56452 5 27

26 15 28 98424 97723 24 27

14 9 38 28784 48998 40 21

38 29 48 70685 58755 8 31

22 30 32 631 23606 13 34

37 33 7 17407 25062 13 40

10 31 42 29462 57110 7 39

49 37 36 43938 9361 16 32

35 45 19 86158 53127 14 4

38 34 20 76607 78692 16 9

11 27 6 3939 32721 40 20

3 19 25 58282 70674 48 6

48 31 8 16089 73487 33 7

19 9 45 84641 92944 44 49

42 36 1 46790 7284 10 6

5 39 39 49128 18117 27 11

27 41 38 38542 14560 12 19

48 36 33 99814 18682 46 25

18 20 23 81872 39460 7 9

32 28 12 53970 97093 38 46

43 11 21 8709 94103 31 36

21 10 31 18231 97136 29 24

31 20 4 3944 58041 35 22

24 16 31 88895 65055 33 22

25 15 20 17468 1899 44 12

44 10 40 89752 11728 18 33

48 25 37 96120 82344 15 13

1 29 5 1538 86742 11 23

6 30 31 20000 28203 2 34

7 28 14 50611 17450 25 45

22 16 46 12746 30830 2 40

37 13 23 15420 18453 35 2

2 41 36 52436 29165 48 44

6 43 13 43194 35169 48 37

8 26 41 328 96336 8 42

43 14 31 59804 73857 16 35

17 41 5 60542 94192 8 36

25 15 34 64654 71798 15 36

29 1 6 49301 93275 25 12

9 7 1 36296 8915 26 29

31 5 15 65208 53303 31 32

18 49 26 58196 68565 40 8

2 49 41 12536 81754 32 32

8 6 9 31589 99239 24 32

14 17 15 62666 12765 12 27

14 33 27 95982 41458 10 36

13 33 6 33601 73331 7 6

39 37 33 13590 844 34 13

21 42 45 13606 77470 4 10

11 40 47 10874 11446 2 14

44 41 18 95491 43618 29 41

33 42 24 69593 73040 42 40

46 34 16 72294 65704 4 33

46 1 11 85951 985 8 46

35 18 14 59608 87524 33 27

21 33 22 98536 52240 28 21

44 37 47 55429 51064 12 19

37 16 44 89648 91236 6 45

7 20 38 8893 30454 47 47

29 36 35 59405 46060 32 40

19 24 21 43262 89940 21 11

38 17 22 1715 54004 40 35

36 17 47 39457 67419 8 9

12 29 30 71120 92001 39 9

34 12 14 2238 27124 11 10

7 10 39 49993 67470 48 45

8 27 37 64134 65819 14 30

20 35 22 64372 2695 3 14

43 13 8 75448 92212 27 23

7 46 34 60209 59178 47 26

10 34 33 86247 9711 30 9

46 25 11 14477 56657 36 7

21 2 16 80058 69077 48 19

35 38 20 92782 1368 11 41

14 39 37 7062 61814 28 31

36 8 47 60679 71772 42 7

39 48 14 66260 32382 33 39

26 2 38 15584 75418 45 45

1 20 41 51734 79761 20 13

38 6 5 99936 66375 6 31

10 23 1 7505 35698 43 7

29 21 41 28573 87684 5 6

25 21 7 62400 96895 19 40

28 7 41 35933 24346 5 41

32 15 22 96067 44889 4 32

40 10 48 58776 17047 7 10

28 4 28 96212 89974 17 45

18 8 25 28184 36608 35 45

47 9 24 73742 52648 1 48

19 22 45 67002 39145 19 25

10 36 31 97499 85013 11 3

26 22 37 32988 61850 9 2

38 14 33 83068 4336 19 31

39 25 8 731 65968 7 19

32 37 18 69051 22368 44 16

37 9 11 49267 39560 30 35

28 7 16 59889 36430 25 8

21 37 7 87067 65436 49 25

43 7 15 58612 6539 1 9

22 12 8 5081 32211 30 23

12 20 18 69171 54751 25 5

29 31 45 88855 49712 9 47

20 18 24 84012 81892 5 35

7 35 11 41473 73842 40 18

40 44 21 71110 87310 15 24

48 2 48 472 79107 25 46

8 41 27 34530 56839 27 44

23 18 35 86715 44552 43 16

10 34 14 13106 1886 36 6

30 4 9 44412 14325 36 48

9 3 12 99439 43160 17 37

48 30 8 50175 14783 25 43

5 32 19 17187 69126 47 41

3 10 10 76490 66410 8 6

47 18 34 85362 7840 42 10

34 12 49 31059 84117 45 36

2 18 42 41986 82973 33 1

7 28 15 53208 92479 42 31

33 8 33 82796 11956 29 38

12 4 25 99176 44526 2 34

13 18 23 17461 71332 12 19

47 38 6 26806 31036 15 41

28 25 16 11190 71049 43 15

37 28 5 58896 88950 49 3

33 39 24 74734 38495 15 21

49 37 13 78501 42610 17 49

47 11 48 53474 95953 14 35

36 2 1 36629 38567 23 27

18 29 1 26013 36864 20 3

40 43 18 49509 73413 14 23

46 36 19 74532 53700 26 24

30 39 32 67155 56498 3 27

35 36 27 77271 39720 41 23

45 33 15 35494 64159 18 46

49 28 42 45800 60665 46 14

42 14 9 11272 16303 16 28

42 48 23 29489 51450 38 3

44 24 22 24394 6981 11 8

40 9 7 76552 25300 28 15

23 21 3 64358 45245 28 32

33 29 7 12533 63287 18 7

5 29 39 59814 67848 33 28

38 40 49 19135 30010 43 33

16 29 22 16712 96169 7 18

27 17 44 9797 84228 39 32

19 28 5 95225 65073 35 42

46 46 48 40893 65864 44 25

6 35 7 61387 90609 15 10

6 26 47 77969 50129 23 34

47 40 38 25932 16232 36 23

17 1 15 29615 15283 28 38

49 10 7 56935 69529 33 28

3 48 35 21291 96268 21 24

29 38 16 7503 80805 22 31

44 12 10 7697 60617 25 35

26 37 26 9880 48610 35 28

8 44 12 72198 72286 40 19

34 2 19 56146 25149 10 1

1 27 24 8333 5333 44 23

18 19 38 81633 41081 9 39

41 33 14 41011 31982 22 40

29 29 48 30971 49478 46 11

36 10 33 39802 66274 26 49

36 38 4 56346 57203 24 36

19 26 33 55352 54356 17 42

26 17 10 3325 78909 49 21

23 8 27 58858 65642 39 46

48 38 33 55497 61 24 5

9 5 42 98343 41737 29 5

2 48 35 80939 89020 2 36

17 8 35 2676 97335 6 13

47 4 48 48336 31112 18 8

11 48 36 3505 75729 38 44

32 42 39 53590 67537 35 1

44 28 8 6580 94562 6 12

38 45 23 43803 51853 24 24

3 22 46 70029 7398 7 33

49 40 30 54757 10381 6 35

32 46 25 50546 32551 29 20

36 22 8 54557 56209 22 36

32 11 47 28590 71612 39 48

24 25 44 16023 57204 18 28

41 4 48 67723 84342 43 31

12 43 34 86794 2826 38 13

6 47 25 47321 25904 23 28

23 11 19 64440 52314 44 15

47 43 35 93907 33320 13 11

12 42 18 58043 13410 16 7

33 35 33 17399 23562 26 9

8 48 32 32517 30256 5 35

48 20 14 43763 26438 21 46

37 18 11 84910 8725 6 27

20 18 19 65472 49950 10 4

2 9 25 88268 40398 17 34

46 27 8 63666 1305 13 6

13 30 43 26673 70534 34 34

12 19 1 38219 76576 10 45

14 49 17 42256 94743 6 42

9 35 22 58831 93102 38 31

49 18 11 865 10992 27 13

49 22 43 21656 47262 26 16

18 36 30 55816 40787 12 10

25 40 2 18225 92911 12 8

48 26 32 41096 85567 2 7

25 30 37 47361 87506 30 30

19 19 26 76321 83447 9 32

41 28 44 53248 47037 34 42

12 31 34 78029 57057 21 38

8 30 18 27220 38667 6 10

9 31 31 8921 76100 8 35

8 8 27 5319 96174 5 25

27 35 28 48576 26142 41 20

45 4 11 6942 31152 19 45

1 19 28 40282 62773 1 22

30 30 42 50280 16703 15 41

16 37 1 79298 67893 34 44

39 17 8 86275 74165 48 11

31 15 26 47765 32904 28 47

39 28 15 93897 89305 8 28

35 38 19 16232 26266 26 9

39 27 18 45999 65578 47 27

36 35 19 70936 454 43 22

21 49 34 32513 15620 49 35

32 6 39 80315 72640 4 9

22 40 1 24005 9719 2 5

1 29 35 55184 14765 43 4

27 7 26 86503 49934 10 16

32 23 44 40834 44423 11 15

1 3 9 86400 19178 17 43

43 37 1 86879 67495 11 13

39 28 25 63466 65415 40 13

41 17 43 65892 73933 11 42

37 11 45 60115 90851 13 7

34 34 48 88693 21047 38 19

30 17 2 74651 74615 1 37

22 48 5 58153 51179 45 47

41 38 29 84771 82519 6 43

6 30 5 51821 42749 10 30

14 4 14 93577 88797 16 22

8 35 25 60200 22578 32 35

25 38 39 83501 32062 22 49

33 8 1 17212 48849 44 29

39 37 28 33711 59582 17 41

15 41 38 90631 9870 1 16

2 45 32 90671 85798 17 22

28 31 18 93853 89687 33 10

43 35 6 89838 51993 22 16

43 24 36 40093 37526 18 30

48 48 27 53238 18778 23 25

17 25 10 14178 10781 47 39

29 30 20 45332 54998 28 48

23 36 2 40620 31549 32 22

15 38 15 25167 45610 2 25

9 20 20 52716 92255 32 35

33 5 12 33120 14394 22 41

46 44 49 38004 16508 36 18

31 34 45 54595 9015 46 45

25 43 48 56419 57806 12 33

43 36 6 98583 6546 18 42

4 14 42 91373 10973 44 12

14 19 45 58212 49581 31 49

40 48 32 65093 52363 1 21

43 40 16 67782 75005 12 18

7 44 5 55021 70959 47 23

16 35 39 80616 39662 18 25

5 43 44 84930 79288 17 22

9 5 23 42197 10063 1 19

11 20 28 40263 24701 4 2

47 25 20 1896 50697 19 7

46 10 14 35321 27481 35 17

1 49 45 86212 18721 4 39

17 5 49 23388 31997 6 15

8 35 13 90367 70050 46 21

13 1 20 39220 28213 29 1

25 30 5 45594 1781 8 30

46 40 48 5010 64513 34 10

13 6 26 93713 86344 21 2

9 41 19 65603 25184 36 14

44 14 24 29928 13501 46 44

17 31 3 47967 11115 10 37

36 23 30 21401 5227 31 15

24 32 31 13500 80905 23 2

20 34 17 18879 76299 20 31

49 32 14 51211 77978 5 15

29 23 45 78974 11343 30 12

3 22 19 81501 76090 8 34

39 24 29 2960 32145 46 46

46 5 24 2387 75489 48 1

47 41 30 73352 22219 29 27

6 30 14 40313 27608 20 15

42 20 41 24573 57907 38 43

2 49 41 55961 83183 43 32

3 20 7 73480 53872 11 24

13 32 16 69168 90701 31 4

42 9 6 6458 77149 19 5

39 24 31 20700 70142 32 48

44 13 27 7155 4140 10 6

48 42 30 51440 26456 20 47

12 19 21 87431 80157 49 17

3 25 2 96730 87880 12 47

28 32 23 35893 29770 14 25

22 36 30 6157 96870 24 19

17 3 2 53712 54665 36 42

17 7 10 11979 95001 35 8

3 36 47 56629 72905 45 47

43 21 43 27031 2489 47 43

46 15 44 54501 22818 33 2

35 12 8 86245 25463 48 22

9 47 3 71944 86090 30 5

29 20 5 62520 80016 7 40

16 10 1 99106 55184 11 8

42 13 48 75673 72206 13 18

12 23 35 69008 24525 19 14

31 43 2 33970 36738 10 26

41 11 3 90518 1094 13 46

38 15 9 69070 43850 5 19

48 5 30 93461 94085 31 45

1 45 5 13849 80457 32 46

13 11 28 49319 71166 35 3

4 5 11 4549 92295 13 39

38 31 35 93069 44370 3 37

7 33 28 12998 48753 1 44

24 19 29 74729 52219 14 4

15 4 23 55108 71477 37 31

6 36 3 27965 37959 1 32

16 20 27 37723 93743 7 27

41 29 18 75530 21277 17 11

1 34 47 91237 34746 30 16

15 6 38 85589 12971 20 26

12 38 28 99095 23412 28 25

43 13 8 66046 32307 27 12

48 22 14 93267 8100 40 34

22 32 39 82062 27564 23 40

44 41 32 29204 98217 14 12

21 40 32 99058 63621 16 42

36 33 34 66912 14990 15 3

34 3 39 45001 29336 39 27

28 22 12 36705 58261 18 13

44 9 25 56348 98746 21 44

17 9 25 25174 78279 33 44

12 47 11 13171 42162 3 20

1 21 14 78320 43002 5 17

37 23 47 880 79592 21 17

42 28 31 51216 91070 18 4

31 15 42 71708 4426 42 37

17 14 13 20353 80536 36 45

11 18 40 87550 62048 29 20

17 49 44 55841 57133 5 39

49 9 10 26422 1942 21 46

2 17 17 55508 55454 19 28

45 26 24 48493 79120 39 29

30 40 33 66849 80312 41 46

6 2 21 52849 10378 23 20

32 10 39 2020 41518 5 21

22 25 37 99100 34549 17 1

16 21 33 55447 78508 28 36

12 20 22 26237 13299 34 44

16 45 49 24541 99908 35 17

28 7 48 82008 94511 22 28

43 11 16 23344 52010 16 32

29 39 37 49491 96131 8 16

9 33 33 51184 45400 2 13

26 48 44 22657 83109 41 33

37 7 15 20867 32073 18 20

14 12 2 2305 67970 20 45

8 13 39 5644 82322 22 29

5 17 29 1522 93265 29 38

14 32 47 18256 171 17 19

47 11 13 85948 92371 21 37

6 6 31 66453 73206 3 46

10 23 22 87698 8969 38 8

26 43 31 4209 40913 2 49

35 29 2 50088 82113 20 41

29 18 17 46410 65350 30 7

30 49 1 22170 75538 7 45

41 16 13 40367 97257 19 10

35 33 1 7306 67182 7 20

33 27 21 51933 33285 6 15

12 12 38 30429 88526 20 42

47 47 21 3913 71521 40 30

42 21 14 30297 12430 35 39

4 45 48 39058 30550 14 17

13 40 46 38633 1111 45 21

17 4 30 49888 82569 10 30

3 3 22 3367 7536 46 8

47 26 29 83792 44570 10 35

36 45 8 96395 55487 2 17

23 12 48 21579 7125 27 27

36 38 39 36406 75118 11 21

7 26 6 39327 36816 19 24

6 29 27 81737 65266 35 36

26 17 20 17383 27655 32 45

2 20 38 98647 56456 47 44

10 8 47 27787 28787 6 1

7 46 13 20134 61609 42 4

34 42 16 23016 19601 4 33

30 49 35 46035 97053 3 35

10 48 31 75529 1916 35 17

11 13 5 76952 52772 10 4

34 24 33 84874 24829 43 31

27 46 28 92316 46442 16 3

31 46 2 95385 54525 1 39

40 39 2 73946 12570 11 33

11 13 12 84171 10645 31 38

4 8 46 17475 75287 28 30

29 10 10 36320 40666 35 5

48 45 5 50818 81189 18 47

14 45 37 12545 6251 32 29

12 42 16 67483 3429 12 7

25 7 39 64859 94128 24 4

0.001 10000 10000
