100000 100000 0.2

1000
29 16 49 10788 8425 17 44

24 23 34 83135 39899 30 28

6 35 29 58984 40918 46 13

37 26 5 61903 8779 38 17

16 32 1 9623 72333 34 36

36 2 27 82601 79453 31 12

2 47 26 69223 62202 26 18

18 17 42 80034 34924 25 25

38 32 33 6302 25377 32 41

3 24 41 58004 68593 20 34

32 29 37 1067 38866 47 25

21 24 32 21998 16845 34 28

40 24 22 98089 67202 4 40

2 7 7 34907 1592 8 40

24 10 43 88553 23393 31 30

34 38 19 31973 42764 9 25

34 2 49 79338 83926 45 44

24 48 18 15652 23859 12 5

1 27 31 79211 95414 43 24

12 25 32 94898 22516 11 43

7 17 1 68231 61546 44 20

46 29 44 92409 58373 1 17

1 17 26 58834 45972 36 6

25 18 33 20252 66819 30 43

27 16 27 87605 83899 7 23

16 23 40 27767 63791 14 37

33 4 24 1473 73250 49 10

17 3 19 87626 85139 43 29

36 30 34 97036 23392 38 41

6 34 46 23492 96881 23 32

35 14 20 95573 39015 10 29

17 41 40 46903 41127 29 39

42 10 36 13405 36146 22 2

41 23 17 62740 98668 9 17

37 8 11 32193 9035 11 31

39 9 27 59870 69641 23 20

32 39 20 34271 79494 12 41

28 9 28 25318 619 29 46

6 20 31 35082 30503 17 35

11 48 37 1966 2912 2 38

13 1 20 72851 29671 22 10

33 14 39 63745 90085 29 2

9 14 6 78832 80525 39 22

43 6 9 56664 93404 8 13

11 24 26 21707 69250 28 4

37 21 12 52435 31418 46 21

26 14 4 80960 39779 12 34

24 45 1 5605 42692 24 14

35 46 18 93207 41330 37 44

9 19 20 36292 49830 26 24

39 24 34 66182 12756 18 2

15 25 5 47746 26105 14 25

48 49 18 35728 85404 14 34

14 5 26 23768 61022 46 16

29 19 2 71448 69904 39 47

24 26 49 98181 70440 39 31

31 35 17 24329 11932 49 9

10 40 30 92462 25693 33 35

48 32 46 17446 53823 20 36

45 24 47 82852 9468 35 20

10 30 46 75897 405 8 42

35 45 45 30199 46921 47 27

41 46 29 25458 21729 13 49

12 28 20 79182 96749 38 13

2 39 27 19013 56561 29 1

21 39 46 96732 61812 46 5

35 14 9 39940 86748 22 46

9 9 12 66957 62755 29 26

19 31 25 9616 2499 36 14

6 10 18 93588 55287 14 14

5 46 24 12053 61871 5 22

18 15 37 43855 74608 5 39

14 25 4 45408 85780 19 40

8 31 2 72668 70948 6 46

21 38 2 90417 37459 39 25

19 39 45 26068 62429 34 43

43 40 39 54614 42457 24 19

32 4 31 24372 57143 21 4

15 9 28 57286 63689 48 38

35 17 4 73677 75346 11 38

34 41 10 18307 61793 3 39

31 42 37 86199 20555 16 37

9 15 16 7175 39725 49 20

29 44 30 47177 19488 5 36

45 2 10 83465 71959 47 11

27 18 25 11085 43158 22 26

25 45 10 3548 33657 7 20

10 3 29 63705 91189 2 29

4 6 36 85134 39390 36 49

45 49 17 34491 62138 33 3

47 36 1 16777 44723 12 1

33 28 7 82998 48183 20 22

36 1 37 17313 55900 49 45

48 2 38 17302 23362 6 37

5 45 17 76886 12029 41 6

48 48 12 28707 27081 22 12

48 12 47 70488 37876 41 37

41 30 44 2885 98375 9 23

45 10 33 46363 14391 13 6

2 32 23 50323 50552 21 10

32 25 3 40293 69459 13 1

3 17 23 33205 70766 4 3

31 38 47 84358 90547 38 46

29 43 2 83187 5513 4 34

18 25 40 78284 7003 33 45

29 49 42 92535 52562 46 46

11 7 27 4344 91250 40 1

7 33 16 78232 77799 37 44

21 22 41 2853 53612 18 9

47 8 22 65201 63741 49 38

2 45 37 68613 32076 39 3

26 13 23 55045 73328 36 12

34 16 22 56917 67714 2 4

29 43 21 40904 38736 45 24

3 33 45 46210 16363 18 48

14 32 20 66588 56917 19 38

33 7 43 81914 90787 28 15

42 45 38 98268 90931 37 34

6 30 40 90661 98224 7 13

28 5 20 95440 7706 42 41

44 42 18 84833 43392 25 4

14 46 46 10532 14098 4 46

24 38 40 66432 96741 31 29

16 33 35 17887 39488 21 40

23 38 20 91431 17993 36 33

26 21 18 15487 35983 34 15

14 20 43 70174 87665 41 48

3 20 25 22531 14808 49 33

5 13 32 83109 18620 2 17

8 8 49 48907 8039 37 4

36 11 25 90141 85741 25 34

36 32 10 58893 52407 47 46

38 47 30 9963 82267 48 25

40 16 6 51743 1247 30 31

17 41 23 71784 98957 9 49

32 22 33 23638 50672 29 48

34 47 21 12994 69843 42 28

46 5 39 38653 14659 28 32

20 48 13 88437 17247 31 41

17 40 21 85824 16825 32 4

16 49 23 66479 41094 40 4

30 28 19 64546 47722 21 23

33 11 44 54489 26610 11 23

38 44 27 39415 71855 44 36

38 24 29 30422 92306 24 34

8 4 12 41745 55614 34 20

22 28 25 45644 40919 26 36

9 11 22 60603 7182 47 48

6 13 24 33356 74676 2 5

29 12 32 38541 43307 37 33

40 28 17 22501 48609 49 6

4 13 18 22599 13231 6 5

40 26 8 13000 38680 10 35

45 42 19 24250 54720 11 5

27 40 24 98176 80398 24 33

2 48 11 97282 82150 2 9

43 42 4 75567 91964 24 48

40 5 25 95520 81426 23 9

13 37 37 29005 60677 25 27

35 3 43 73402 27280 35 31

49 4 31 51639 28331 44 26

36 35 5 7867 73598 23 30

6 49 30 51306 80354 17 10

28 48 17 81714 87964 12 18

43 47 30 17950 81581 44 45

16 14 36 63842 3517 27 7

18 37 3 85911 89424 1 47

36 19 29 912 2621 29 6

35 48 36 26036 812 49 15

1 23 17 96552 7994 5 13

14 30 1 38536 49049 46 11

15 6 38 67667 64540 26 4

28 14 44 7932 77210 7 48

35 3 22 36518 51890 49 36

23 5 13 46482 73975 47 31

9 22 26 3433 32297 35 9

20 40 37 35967 85381 7 10

41 24 42 49860 45219 34 46

5 15 5 19041 34301 22 34

31 21 6 93005 11140 46 34

20 9 29 65392 31368 32 16

34 31 23 37231 35072 46 21

16 10 39 2077 74567 48 43

10 3 25 52449 14801 28 2

33 48 15 20037 26651 11 40

47 13 14 5049 18187 36 25

7 14 41 84442 87965 1 37

13 45 48 66963 60049 39 33

16 20 13 20532 17346 49 3

48 4 33 36978 47339 15 27

9 4 31 69844 37501 28 43

40 49 13 51507 29374 10 22

4 14 15 3598 14305 45 49

18 16 36 73553 94868 3 19

21 45 36 75762 44611 39 34

40 6 19 31046 30855 33 46

20 11 14 15054 53315 33 21

7 18 43 46635 38847 31 5

44 1 18 19073 5703 45 9

6 2 16 28858 25821 49 12

17 22 18 11166 10234 11 18

40 15 14 28419 72988 33 8

12 46 21 68316 39397 16 43

8 26 11 48644 42988 4 43

22 15 14 63467 62274 24 11

16 19 45 83910 94803 16 39

32 45 17 87190 15222 34 33

14 39 24 77758 13662 38 5

38 5 40 26496 32224 36 22

16 39 12 76897 80336 18 46

38 2 30 7161 19048 49 16

2 24 34 46404 53630 3 32

19 22 26 99015 48386 38 41

48 8 32 99415 14300 33 6

25 39 40 19855 58507 17 22

30 36 48 63912 8823 36 7

45 6 15 12472 77053 24 39

32 49 6 2345 76826 34 46

43 9 23 37132 73741 40 7

47 44 39 18794 54178 16 4

4 12 42 31933 67944 21 35

7 48 8 82640 42037 45 18

35 4 12 81551 74827 46 39

13 33 27 37386 3523 49 43

10 33 29 23976 20346 4 43

14 26 16 24310 81091 9 9

27 3 16 3812 29271 16 41

39 2 34 85214 87238 16 34

5 24 32 43542 81067 8 2

1 10 41 47259 6714 11 30

7 5 27 76380 88169 42 16

16 20 44 94015 96118 21 1

28 37 3 81979 63961 44 30

34 42 35 5611 49158 27 5

41 24 25 22789 56255 2 9

21 7 42 51988 80698 15 1

25 25 16 16389 38861 23 11

10 41 22 17420 87677 31 19

13 38 1 14563 92636 18 15

17 4 3 67004 11384 38 23

9 49 9 29739 97785 29 29

42 32 10 86392 37300 13 1

49 26 40 49576 57994 5 9

12 14 23 89502 875 18 33

29 39 31 8695 47179 30 24

12 5 16 12585 86037 31 6

36 16 45 20923 21440 7 17

49 17 20 91151 23949 18 19

18 28 15 54598 72376 43 4

16 34 28 29392 97004 48 47

9 32 8 20867 28093 33 32

30 19 10 27658 10782 24 8

29 10 26 68449 57534 38 7

12 3 9 91127 68811 17 23

21 22 27 66831 78613 7 22

48 31 11 21766 26342 44 40

49 45 24 28970 90741 45 15

47 33 38 69285 25885 36 19

36 25 41 78230 20269 27 37

12 30 18 41635 95069 40 47

25 6 33 53032 41485 13 15

38 25 35 52687 33630 42 47

20 46 14 68668 61901 26 40

38 5 46 79415 30753 27 2

42 19 12 20814 96427 37 9

46 29 14 70915 85339 2 17

11 40 6 599 49187 2 48

26 20 17 36431 1042 47 49

23 17 35 68906 80079 21 12

43 22 25 94407 42858 3 16

49 34 4 18009 79967 20 38

46 14 21 53540 43913 27 47

18 21 13 21058 66541 45 20

40 2 47 91609 4477 20 1

8 7 48 17518 71471 10 13

5 21 30 54177 35715 20 3

40 36 3 56139 93452 8 18

36 8 23 30094 13978 26 32

33 1 17 90904 66319 24 21

36 7 11 10619 33922 20 46

17 49 18 94666 45658 4 12

44 4 48 20714 95471 18 11

14 35 11 83244 89538 31 26

33 37 35 53840 74385 41 46

34 34 29 28 32015 44 6

6 25 25 30467 8375 17 38

27 27 14 48389 79317 16 46

14 21 31 36512 68770 24 14

45 25 12 53819 25413 2 49

1 15 19 81969 96230 44 16

36 7 20 85575 21160 33 18

37 21 8 87086 20212 47 22

43 16 31 98257 46987 21 24

49 27 11 70908 62660 25 19

14 28 21 20454 50034 17 46

29 35 44 9578 26307 39 35

19 4 37 96771 31504 19 42

15 8 46 77796 22747 28 25

21 24 47 60254 63839 46 23

10 4 39 48989 25708 23 9

30 33 22 42012 78642 23 4

26 40 34 48016 30973 18 39

17 4 1 24003 7282 34 14

35 39 41 64739 40614 4 1

18 28 30 4747 89079 46 20

19 40 22 2059 97863 45 20

23 4 11 11258 52064 2 19

5 34 5 52171 50123 16 37

33 25 15 28228 95283 4 30

35 34 33 53502 69415 2 8

43 45 11 41697 66354 4 5

34 46 41 6358 39897 36 41

44 31 27 15594 8531 25 23

10 18 16 47568 5406 11 43

5 43 5 49778 73510 34 20

29 17 40 56554 56354 45 22

22 37 23 69523 59925 33 5

27 40 36 12904 44106 27 11

14 49 43 55745 70702 19 16

36 23 16 73829 113 21 46

36 48 46 98324 88395 47 4

20 33 33 85368 39129 41 42

18 4 4 88448 39596 32 47

17 11 44 66693 72351 17 7

48 40 48 57757 18543 46 9

8 30 9 67505 11344 3 44

14 4 41 20548 25980 22 14

31 16 9 32196 21638 8 42

39 10 20 3669 57321 26 38

1 40 42 82934 61782 13 24

36 41 47 34609 65167 45 13

45 41 30 57049 76996 23 13

49 37 15 32880 71076 6 7

24 18 49 59509 74501 30 12

4 16 14 900 43492 46 25

48 34 24 62370 4797 49 1

33 29 18 48855 27172 10 10

31 9 48 45566 71054 29 37

17 46 33 64984 8523 14 49

28 4 44 68142 77424 1 26

43 38 16 28588 11172 44 20

40 40 25 22571 66389 34 21

42 26 24 98258 89559 21 27

12 18 47 70748 18268 24 5

30 26 45 93041 47355 34 41

21 8 22 6841 91062 3 41

42 35 16 49600 63604 45 33

39 26 5 29384 15645 18 33

35 21 27 50637 11839 19 46

25 12 27 87023 53923 45 42

17 21 22 13314 28922 30 4

31 37 2 8062 69321 47 48

7 48 46 113 40982 43 43

31 11 20 4711 24012 21 38

35 12 12 29370 64582 38 12

40 30 23 1142 47651 10 18

22 32 21 9263 89305 29 40

20 21 23 549 2219 20 27

24 47 16 61086 51647 49 10

5 20 43 89653 71977 13 29

29 3 27 75045 25212 32 42

11 6 18 50446 39877 35 29

35 20 22 60665 14088 20 39

20 11 23 76615 39645 9 49

6 16 16 3717 79458 15 46

31 5 5 23606 60203 39 22

28 41 2 45370 29343 15 26

11 11 24 63380 44354 15 44

12 15 49 41833 7256 29 1

42 10 36 5993 2069 16 20

24 36 36 9784 77089 12 33

47 2 12 64788 49191 12 34

48 18 13 31249 47961 16 25

19 2 11 45 76834 12 6

34 20 44 26719 97379 23 47

17 38 41 56594 62289 46 12

37 15 15 3854 99591 36 10

14 11 15 96200 12562 5 6

39 19 17 72343 86671 23 42

33 6 22 17147 60114 5 45

6 32 18 64155 73088 17 1

16 39 26 59275 2979 17 4

24 26 1 99132 82917 33 25

2 16 22 80816 16927 27 19

3 22 18 58545 96115 37 35

21 20 33 86689 86889 38 21

11 9 33 67522 71872 27 37

10 39 15 98122 90433 32 24

39 6 8 99546 79702 39 30

2 8 21 97569 9545 11 24

25 32 31 27651 43161 9 21

44 22 24 746 55549 18 1

31 1 41 77584 37802 46 5

11 30 20 53876 24716 17 38

31 17 14 5369 76874 20 16

33 26 19 63717 76396 31 39

14 33 48 94688 24261 34 4

48 34 40 95646 935 38 35

30 11 6 34790 45747 13 19

38 6 32 65758 52966 47 26

10 15 20 92099 91962 11 17

44 1 26 69218 78350 23 5

46 38 22 89869 47104 8 39

49 27 39 93436 29933 39 43

49 49 8 73220 94061 47 37

41 13 43 93693 59394 18 3

9 8 40 369 4077 40 42

4 31 40 13611 96177 24 42

36 8 2 60146 87057 33 48

20 17 27 71505 35835 3 36

16 41 43 24562 8676 2 48

34 33 25 80635 84677 48 9

26 18 19 1929 69998 47 35

39 33 29 57093 89248 30 16

30 46 3 74320 68554 44 48

7 1 14 33900 88381 33 23

34 29 35 65124 76077 14 27

16 42 42 69773 78954 26 38

46 45 17 59214 31124 39 37

4 9 3 17846 82318 30 34

35 48 32 95034 14710 25 6

15 14 25 44523 48237 32 45

47 47 43 85417 39813 19 22

45 4 7 15887 13032 21 21

9 26 24 44502 24776 8 37

37 19 19 95445 58686 10 8

47 10 49 42745 76755 42 25

45 3 25 56197 55634 29 40

22 27 40 50560 94333 28 27

7 21 19 68425 85599 17 48

26 14 10 8446 19225 16 36

1 2 39 24520 81052 17 5

16 33 15 20013 54157 32 8

37 19 37 32095 12388 30 8

18 25 34 8266 62983 38 22

28 34 46 82280 29936 13 10

42 1 13 25524 93837 22 3

6 7 42 19831 61443 3 17

13 16 1 98870 72417 28 21

12 20 32 8057 2229 25 10

4 14 45 93443 43063 23 28

43 46 43 20436 39342 2 37

22 49 16 39506 99177 1 7

36 33 49 116 38762 22 42

7 38 34 56348 73239 29 13

34 43 21 42696 5687 20 1

11 15 45 23730 18128 28 28

27 6 14 17714 29396 39 34

39 34 47 8948 30714 28 29

22 20 40 85207 70205 48 41

21 7 38 39063 7419 6 8

5 32 19 9805 71736 13 40

29 44 44 19154 73302 2 21

41 47 1 83441 42607 17 6

35 13 44 15182 72828 44 25

37 22 1 73869 18469 17 39

14 3 11 46050 74324 5 21

32 22 17 45586 96673 1 31

48 32 45 26277 83630 48 9

16 2 19 98806 49186 31 11

2 25 17 63370 87857 5 19

33 40 46 67141 67205 13 7

23 17 3 22849 50467 14 7

41 12 1 35364 36355 17 35

3 15 35 63801 49870 41 9

28 5 4 57559 67276 27 3

26 14 2 54556 479 38 21

16 41 46 21804 31261 14 1

38 1 49 44391 53988 17 6

8 33 33 13191 47025 31 4

11 28 9 30539 77333 47 23

11 11 44 80301 46043 34 49

47 28 25 44748 85051 6 9

9 24 19 61249 79083 4 4

12 46 30 9903 84119 21 19

21 12 31 77546 87769 37 42

6 45 14 39786 21931 25 48

35 18 33 73817 78263 14 17

7 45 30 40607 63156 14 16

21 11 22 8930 54919 30 2

30 32 32 52039 11397 9 44

4 12 16 54692 98333 21 31

41 37 25 8008 27028 16 35

43 7 36 26476 19302 47 22

49 15 48 34092 37132 12 38

33 41 2 94338 64250 17 49

7 32 9 5976 60987 30 43

2 5 40 18176 46975 30 37

12 15 42 36527 53403 42 6

45 17 15 28600 45371 30 44

8 40 12 72181 94478 39 6

18 25 44 10202 49475 26 2

37 26 45 14542 46119 28 40

14 23 35 97650 3632 33 4

49 23 19 34147 22417 36 47

9 20 11 94344 80311 47 33

22 48 37 30064 97505 26 5

40 47 32 54938 93496 32 19

18 38 22 22325 11016 24 36

10 38 18 16702 77728 34 30

32 23 2 60478 16872 19 49

46 44 38 75409 26431 20 23

24 34 9 39860 90039 42 7

42 47 12 99171 58309 15 37

42 8 20 96367 70564 37 47

32 27 45 50400 18169 14 28

42 40 44 64249 59051 21 29

42 21 28 36436 60024 3 11

20 12 3 1749 23388 8 26

9 26 10 27435 704 14 25

42 30 3 7356 65325 29 47

27 28 28 36645 5581 23 15

29 45 15 60613 42101 41 40

9 46 33 71340 16709 9 10

47 36 16 88670 67791 30 12

24 44 7 58019 92731 37 9

13 15 12 84176 41865 13 9

35 31 6 73403 1536 29 8

16 6 37 26421 43168 3 49

31 18 16 72187 55666 46 19

8 16 6 81979 96659 45 7

45 33 7 97634 8074 42 27

43 17 27 60958 65321 36 10

23 39 12 35494 68880 14 40

44 25 10 42035 41212 24 31

16 44 46 29179 6996 26 43

21 12 5 49656 43325 44 16

43 8 11 58869 98904 25 40

37 30 6 11828 94095 49 48

41 1 39 89889 34385 19 24

45 47 15 97901 82974 9 40

39 28 48 57339 97504 31 26

4 41 18 19989 73231 24 23

27 35 49 56206 47039 33 42

41 21 36 12285 85797 34 43

46 30 25 24992 33253 2 32

16 39 46 37127 93168 45 12

30 14 12 93256 56117 9 29

4 33 7 86302 86325 4 20

37 12 27 89063 28303 19 1

14 25 35 85573 30373 20 46

20 2 17 8584 67625 28 19

41 27 11 22759 33877 39 18

35 28 24 94694 42767 45 39

37 9 39 59747 71341 32 49

1 20 20 72634 61853 17 25

17 8 5 51606 17862 39 22

48 18 27 93245 72341 31 35

37 47 3 99155 45933 24 39

40 45 9 19826 84612 1 41

27 25 6 9397 33428 16 43

18 14 8 91042 55549 37 47

1 17 1 92402 82933 48 40

37 5 38 55848 14247 29 31

38 19 11 69561 47905 25 44

16 3 28 7506 38833 18 33

19 38 9 46131 81813 43 10

14 19 6 87990 69817 35 18

38 34 29 21080 75729 30 26

4 1 12 8418 43633 27 19

46 15 41 84769 30121 13 11

6 12 29 49721 27282 12 33

27 41 34 76287 39167 35 24

43 48 43 70685 25040 48 40

1 23 36 96841 48706 44 12

5 3 30 67854 9982 16 15

28 20 22 45708 29742 47 33

27 35 4 32537 93353 7 19

12 43 14 92763 45496 46 28

11 2 41 69056 24738 6 4

40 15 8 87934 28890 8 18

30 7 43 96452 41415 22 36

1 6 5 24580 65168 17 30

27 30 37 67844 32954 42 31

23 15 35 37521 98954 36 9

8 10 17 81890 59789 40 20

10 17 43 15561 46480 11 10

39 27 12 91274 66971 44 37

27 12 21 68815 42668 22 21

49 31 10 83215 24368 44 2

30 39 9 7704 75169 43 37

38 46 42 93738 75369 49 12

2 44 31 12065 58196 48 34

34 34 34 44387 79437 4 41

14 32 35 4835 98291 37 46

25 28 48 80117 68392 29 41

24 19 33 97599 21012 48 45

21 43 12 9966 26570 26 40

34 12 43 46671 15018 16 20

43 19 4 82161 17457 47 33

23 49 49 96231 878 16 46

15 11 20 62760 96677 39 4

34 37 7 42464 78861 18 46

20 26 9 99137 7580 10 21

26 3 25 30078 98253 40 34

42 29 35 89351 33214 11 3

25 31 38 26763 72342 10 45

32 6 32 68620 52017 19 33

23 5 9 69525 34506 16 22

8 40 14 13706 29174 26 44

36 5 13 56057 36991 44 39

41 11 9 60682 47184 18 47

41 32 1 74513 17099 25 48

41 27 23 89815 81712 28 14

18 13 4 85587 22027 47 15

46 11 30 39319 74473 19 19

44 35 2 87630 15130 5 43

45 31 44 93683 46856 34 30

14 27 13 11227 13389 22 35

15 28 17 91234 2710 48 19

42 20 41 74743 17711 2 21

5 2 17 24240 31776 12 5

5 2 21 69324 72988 48 18

28 4 5 88638 21515 11 6

4 7 11 6078 78659 33 32

44 42 11 22005 39279 42 15

27 4 49 78514 61779 15 20

45 31 21 6601 4298 18 33

15 4 23 77646 37495 18 32

26 25 17 60571 64046 44 19

45 35 24 15573 48632 45 47

12 31 41 98654 87651 42 40

26 38 41 98473 42636 42 21

21 12 19 72731 35256 11 49

35 1 12 84363 90411 49 37

22 15 16 63703 62602 39 44

33 13 10 88743 97766 48 40

29 20 37 29221 22871 38 43

10 5 31 48585 32594 42 41

17 34 17 71091 9624 3 35

45 24 20 54912 23705 20 31

2 44 5 65279 25013 48 37

14 36 14 99040 68448 32 4

11 17 13 65769 28361 37 13

27 41 18 70368 24054 23 41

4 3 35 39561 1436 14 38

36 38 19 53584 86888 40 20

30 6 11 83580 89505 9 25

8 38 45 80701 40605 28 9

29 29 45 10984 26683 46 49

2 17 37 31900 37616 15 14

32 12 39 25004 30760 46 2

46 39 49 66737 57624 49 10

20 38 29 21650 86684 17 34

10 18 22 22575 468 20 4

12 14 12 46538 70615 49 30

49 20 38 47773 3304 35 39

27 35 9 59440 80629 4 28

29 24 16 5905 17990 42 2

10 10 36 91982 67602 13 39

6 25 24 38907 87386 46 27

19 22 1 80985 58770 3 19

45 42 49 40617 82520 28 6

33 48 11 8889 22469 45 2

36 23 36 89082 45492 18 15

2 19 13 79929 37271 28 32

17 3 41 68282 91427 26 16

42 12 10 79416 40126 3 46

14 36 12 25898 16463 42 46

30 14 27 97781 93721 15 26

14 2 18 17958 71829 9 46

25 11 28 39465 93170 49 34

6 2 28 97406 55274 20 28

39 21 13 95349 61816 7 44

38 48 28 77347 43835 22 20

30 4 4 35474 91731 42 13

48 14 49 56642 53534 16 7

2 36 2 24414 99078 15 40

4 34 9 18639 78054 29 34

39 39 8 95187 299 36 43

26 12 13 22476 46840 18 10

30 9 21 1141 11430 11 30

41 34 38 86215 41301 34 9

26 46 44 91248 81052 43 33

44 1 21 88733 47049 15 39

4 33 35 36232 19465 32 14

26 13 36 32392 71888 40 2

46 27 26 7635 51620 3 8

31 44 47 66155 57145 39 43

27 27 40 79217 3502 45 38

23 19 38 81261 58088 18 12

32 42 1 15293 50298 28 49

49 22 38 37016 39541 36 23

16 16 12 77386 56485 5 11

35 14 45 90777 37807 10 35

5 30 24 81553 80061 39 25

47 13 34 34985 52282 22 38

43 30 13 71314 11927 36 10

11 3 31 98483 77751 20 9

1 21 26 66979 73753 43 25

31 33 8 37584 85999 8 25

34 29 44 78749 74517 32 7

40 19 10 73454 37764 35 11

13 16 27 47942 38082 29 44

42 11 10 2476 93908 4 29

10 22 11 34445 25172 49 47

9 26 5 89271 95257 38 26

8 45 16 61725 99500 18 49

1 46 1 58723 24175 10 32

32 23 37 34980 85577 20 20

8 18 21 70906 97427 7 17

39 37 42 34841 75865 22 13

40 34 27 4504 77403 40 24

33 2 11 33281 85693 2 24

32 9 32 45860 37653 24 37

13 49 43 56497 45325 5 43

5 49 35 3669 30261 20 13

42 40 28 90366 69753 27 16

4 41 17 56815 22016 22 39

24 35 1 29271 86331 18 13

7 12 44 39995 61347 15 16

34 21 18 18855 19230 7 5

49 21 43 42776 98458 15 30

4 35 32 90306 95067 27 17

24 7 49 22071 75357 48 4

26 4 47 13284 13129 12 7

11 28 3 29970 62229 45 18

40 37 26 73831 50085 10 18

1 36 25 31936 59601 39 47

40 20 43 22763 35622 30 10

18 13 21 81454 34681 15 31

23 20 39 73191 35589 26 22

24 47 10 5770 11800 7 19

6 34 22 87353 85633 6 25

8 27 15 96251 24328 30 8

4 39 28 36296 16998 8 30

39 19 16 3022 10715 12 46

7 28 13 55989 19874 9 9

27 15 37 84725 24617 35 18

39 44 25 67934 65559 29 12

30 13 24 20515 36757 15 6

36 46 24 98436 10067 22 37

7 12 31 17114 21562 1 47

15 10 41 24724 60485 46 49

26 13 30 42361 24520 46 20

47 44 41 79611 13183 37 17

43 19 16 16374 87363 18 43

3 14 34 42125 44842 21 46

36 39 27 27151 12255 22 17

7 25 42 41394 86361 26 10

9 25 19 24105 98968 30 19

47 35 36 1621 71644 23 21

42 8 48 22452 50114 23 30

40 34 26 86879 72019 19 8

6 21 43 72142 55057 14 44

46 21 42 71435 66475 30 13

18 38 41 42412 54322 10 13

1 23 36 6602 71875 29 15

5 6 46 64455 72921 29 31

9 18 8 49764 18379 2 11

4 5 24 34772 88257 31 22

16 30 20 68779 1430 12 26

43 3 12 77087 36927 39 45

22 35 47 77812 99241 16 8

44 47 20 67853 30453 9 17

20 39 13 6250 47780 10 11

39 39 9 23558 51887 23 16

15 41 10 24015 16472 42 35

13 43 5 83135 96458 40 13

43 25 26 42624 83028 25 18

46 19 46 1097 358 45 35

29 41 30 66206 55622 48 22

24 43 35 62189 60295 18 22

17 46 25 10096 67857 25 31

3 20 41 55487 85697 12 35

43 12 42 63723 80428 47 12

16 33 16 89728 40425 38 21

2 42 10 265 72003 36 2

22 20 30 34733 82728 21 27

4 10 22 41301 81461 18 41

29 20 27 91830 78959 23 32

30 38 18 30737 26162 16 46

7 48 13 45417 66052 13 16

2 8 35 345 33325 1 8

10 18 31 74001 47251 21 14

16 7 43 21544 53328 30 29

19 16 2 67579 14944 13 38

12 12 33 14482 60741 24 1

35 34 43 97109 45741 17 35

27 41 25 18307 45681 10 32

8 37 42 84204 58671 37 21

5 37 24 94860 7262 47 9

11 37 10 1819 40405 44 46

5 12 6 92404 99679 14 32

23 25 16 66538 58800 26 45

22 35 37 80572 19235 12 7

37 32 46 25170 99533 22 31

15 21 4 33366 98054 38 46

27 26 30 50427 93536 15 41

11 12 28 60483 47556 46 25

46 32 9 65979 30983 16 10

10 12 41 98065 43140 45 45

7 17 40 73154 2134 20 27

11 12 6 86256 68917 20 22

29 48 9 70615 99816 49 42

47 31 36 63165 72766 33 13

19 7 5 6447 47147 28 49

19 12 2 96617 24756 26 33

6 33 31 5016 63519 40 27

39 29 12 75995 88555 17 27

27 49 10 26325 67345 18 5

39 19 47 16206 56616 45 24

10 44 37 87542 19759 3 38

9 46 36 40712 61209 29 45

12 38 38 90131 4764 5 10

37 4 29 17865 36540 3 25

2 18 22 68668 29354 18 18

27 35 30 61699 35059 42 8

37 40 15 91417 97181 48 8

2 32 40 50571 74105 43 47

29 45 39 81849 26376 32 23

15 46 6 65244 90546 42 48

6 30 38 2146 78755 6 24

8 49 8 43624 29774 35 8

29 35 48 76748 53935 19 41

46 14 31 5605 914 7 23

19 24 21 93138 97362 36 34

25 42 45 90803 62623 30 26

45 44 43 14507 74548 7 44

4 47 27 5143 84687 27 27

31 12 38 13739 56590 1 19

46 7 14 57268 60177 26 24

26 1 20 7768 31055 5 41

1 17 29 98595 88799 21 13

27 22 32 15714 76627 1 45

23 27 42 91917 85562 25 29

30 8 33 66453 32007 49 27

47 23 40 45653 47537 45 29

29 37 2 89070 81117 2 40

39 7 15 856 92120 30 48

42 8 28 36379 20418 12 24

23 48 29 2682 41532 5 3

45 14 33 19022 29345 16 8

10 6 15 14030 33220 41 3

31 43 46 11862 62845 37 4

40 8 18 16124 98819 16 1

30 45 4 92164 47174 20 32

40 8 45 2654 13677 48 19

42 47 7 21805 14201 27 11

17 22 10 91307 18935 25 46

11 22 35 68219 46534 37 24

43 41 10 49315 8746 32 30

37 18 43 75893 69381 49 41

31 4 14 80462 76011 26 40

22 16 17 12563 71769 46 17

2 23 13 7755 24625 11 7

41 46 5 19179 18465 17 37

3 12 12 13604 31164 29 44

42 37 29 73331 67702 11 39

20 47 38 28401 59249 17 1

49 47 42 40811 12988 41 43

20 26 17 65235 84764 33 18

30 40 13 11958 22422 46 35

6 18 46 27028 6926 46 25

16 26 30 2844 48235 31 39

41 38 2 18188 25008 34 31

16 27 43 28775 22593 33 20

30 7 4 4154 70597 46 4

36 46 28 81484 79825 33 20

18 4 14 38849 64524 25 48

29 26 2 38930 97450 26 1

22 30 37 59994 42205 34 4

9 4 30 36247 89303 15 2

35 11 45 43689 88080 20 7

24 9 4 50446 1257 24 26

3 6 13 57169 46908 20 48

14 25 11 60465 49322 33 9

34 22 25 85886 56230 11 24

48 29 34 28313 63787 22 35

30 18 17 78922 27779 18 47

5 6 11 26661 85493 32 40

8 4 47 23226 28591 34 45

26 18 5 74468 53426 6 41

43 27 18 994 79990 23 14

46 47 17 26139 76770 7 31

35 47 41 68567 36805 8 5

5 12 22 41295 90868 5 16

24 30 30 74354 63042 12 29

35 48 46 96660 58490 1 25

19 10 37 49323 39889 32 21

41 30 42 18874 66128 24 37

34 25 2 54012 99026 34 36

12 16 24 61001 52078 20 43

30 49 12 31922 98781 21 2

8 1 31 67442 26758 48 37

21 36 4 17135 29549 9 33

17 20 20 88526 77480 19 40

48 44 44 87212 19193 23 14

23 41 30 92988 72868 9 32

30 1 13 49641 47515 39 30

47 21 40 37290 61430 49 27

3 44 13 10214 69886 25 46

35 39 48 55984 50112 26 12

37 37 3 62849 37091 38 39

26 48 18 83104 35269 21 15

38 23 20 61579 21323 2 33

28 47 30 15795 2541 43 33

14 5 14 31558 59705 20 11

35 34 27 95471 51901 19 18

6 25 5 37465 15884 40 44

22 43 2 46078 47868 18 41

7 31 27 86785 75662 49 43

6 21 12 69971 64312 46 21

26 18 37 87690 7132 16 4

48 7 27 57339 93248 21 19

14 49 44 72410 81836 32 37

41 10 15 19067 89748 17 31

48 6 38 9367 43875 35 10

24 23 32 81694 9401 25 3

27 28 2 67927 36375 11 39

34 4 35 61569 19990 44 44

47 5 39 99883 36391 37 1

29 22 11 24816 99228 15 33

45 29 4 9162 9011 44 26

29 36 35 22040 2759 23 26

34 35 48 56389 34372 11 18

16 6 41 29359 37776 25 27

8 20 48 39164 40257 26 31

2 17 5 76677 62256 23 10

2 12 11 95027 64418 14 48

39 24 43 65483 79628 20 4

8 49 15 98858 5109 49 35

34 22 4 75363 87026 14 33

45 21 18 24507 30028 23 47

32 41 12 45920 33003 27 16

35 48 49 26313 62609 28 32

6 1 34 25114 89415 4 40

6 15 38 8286 93474 32 44

27 37 13 73205 38215 16 46

31 29 47 74279 44469 41 16

49 19 7 37893 68340 34 15

35 45 6 29436 77739 15 36

29 30 20 52430 26416 3 24

21 27 26 83440 2974 46 21

47 10 25 91959 72009 6 37

49 24 40 87854 99525 13 42

41 28 8 5909 5240 2 25

39 36 45 39720 97099 39 43

31 32 18 31516 44866 30 23

26 16 46 63317 42518 47 8

44 14 5 5719 89799 29 14

23 29 24 9497 83522 36 36

46 40 20 61742 35939 22 26

6 4 19 63692 84963 22 14

3 26 39 93762 31517 5 11

42 38 44 14290 92528 44 37

29 37 30 84079 63632 2 35

39 41 23 8269 96515 21 13

21 22 4 69485 32924 24 41

18 16 10 14759 58406 43 5

28 5 48 16713 21276 38 39

25 41 14 79132 90597 31 19

30 38 41 52213 42430 38 17

26 25 24 91935 33204 19 37

43 14 37 88460 75250 43 6

42 18 21 51832 70826 39 12

46 8 2 81764 42942 32 10

43 11 1 38948 69221 38 47

10 22 3 78708 3705 8 5

45 30 21 44577 20225 42 27

48 35 19 19391 22155 35 37

39 38 31 38521 83544 49 34

18 33 39 69188 77089 47 14

46 23 12 53909 5426 28 37

43 38 40 57835 98469 43 9

4 43 16 52507 10995 26 46

47 37 40 61988 92316 12 9

21 48 12 63777 98256 22 34

10 40 43 66184 46566 27 35

41 10 3 86460 16486 45 3

44 22 33 78008 70597 25 28

48 10 19 95801 31927 28 22

38 15 24 89066 37831 41 24

10 7 34 86225 49162 17 48

39 40 10 56137 27420 48 38

15 19 14 8439 33431 14 47

39 45 27 43628 77273 3 1

8 31 32 60627 53491 41 42

13 47 24 8615 7987 27 39

13 3 43 98872 13181 33 23

42 7 17 89895 35263 41 4

26 37 15 37132 76560 22 6

28 24 33 87358 99096 41 46

32 37 35 55811 69860 47 48

13 37 31 72590 81312 41 33

8 40 44 58547 16044 28 11

34 20 40 72079 64300 31 43

6 11 34 26618 41737 27 4

20 8 38 41069 78447 48 37

45 27 26 28931 8711 3 42

4 12 39 78824 60159 36 27

39 34 15 9890 29494 39 11

38 41 46 85058 84019 5 2

5 48 21 60552 84418 35 19

1 11 12 55770 18625 45 17

25 30 10 73996 61182 12 18

32 14 17 79540 21842 35 3

30 27 28 79948 47798 43 33

21 36 4 33294 26642 16 18

19 15 7 68780 38795 40 34

0.001 10000 100000
