100000 100000 0.1

800
31 25 9 20303 81197 13 38

35 22 2 57306 38968 40 12

4 40 4 35508 93904 47 27

28 3 4 7483 44544 46 39

15 9 15 95835 40997 1 17

10 38 7 95111 58409 35 2

11 19 19 55214 14976 12 5

21 30 48 41467 21566 11 40

34 16 49 11457 21908 8 16

8 10 30 92559 64801 7 6

17 16 10 15335 73885 31 40

49 43 30 8339 75481 29 26

38 38 41 91083 75233 48 42

32 29 48 99820 5246 5 28

26 41 38 48759 82450 39 12

2 41 32 17542 39260 42 4

33 20 24 29079 67904 37 39

32 21 38 80650 18400 47 39

22 10 12 40182 3579 10 45

39 49 42 28281 3304 23 10

12 18 38 52740 55461 31 28

11 48 45 25393 21853 13 16

9 8 5 20410 51404 1 10

20 30 21 91504 97201 43 22

10 29 41 98440 82112 33 25

32 5 20 44321 5073 4 16

5 39 44 3903 98564 22 3

7 35 13 36686 91801 15 33

14 15 5 23360 88044 24 44

45 43 36 79780 28180 20 26

4 23 11 61125 29254 32 38

41 11 8 90862 36195 21 21

12 26 34 15040 96376 6 39

15 35 10 60484 53545 34 11

28 34 9 18989 10699 40 38

42 49 25 65075 14087 27 29

15 33 34 16233 63504 20 23

18 23 30 67182 17142 12 6

44 42 33 48567 5695 17 3

21 12 43 23877 71115 35 29

26 11 33 39820 92895 47 36

11 14 21 12505 3748 34 31

35 25 34 15398 32096 32 8

19 29 15 36199 12010 9 6

23 6 19 37294 87764 34 25

18 12 20 9017 49469 15 45

22 37 44 57948 8395 46 25

34 41 2 75958 20714 13 15

35 6 14 10216 84289 16 41

28 37 5 89395 88431 49 48

25 27 27 2688 30109 45 3

4 7 8 52792 22947 25 13

14 4 34 54271 93936 45 7

37 18 44 11996 19053 44 45

9 41 28 87470 70596 1 28

23 33 19 27221 46159 11 42

19 37 32 89843 55707 46 7

44 42 25 5032 18541 22 36

4 6 20 26383 3320 35 14

42 48 22 39519 22142 45 26

43 31 45 89404 97415 42 45

19 28 40 22142 48958 26 6

41 18 38 18837 90109 4 15

49 40 32 41253 99538 22 10

21 44 21 54865 50836 46 6

21 20 42 11959 94147 40 49

3 9 39 94627 28045 41 5

35 31 2 65252 40075 44 22

20 48 11 97827 96711 29 7

17 11 35 3692 83648 3 42

5 48 29 28125 54607 39 44

26 21 42 57261 1096 30 2

33 7 15 92338 48536 39 19

26 19 47 10283 72930 45 12

16 26 32 36891 20203 47 15

15 25 40 51035 47213 37 38

28 15 37 13576 36977 28 8

3 23 6 84510 84472 39 20

36 20 37 88448 89889 19 34

9 25 11 13639 89534 45 3

10 13 20 16748 80283 38 8

9 5 10 97108 77761 11 39

44 23 33 39729 64231 16 17

4 7 13 2534 13304 7 3

4 21 7 34145 16342 27 39

7 49 18 20930 16598 11 28

1 14 35 59193 82700 6 24

11 22 44 37936 78826 29 42

47 2 23 33270 33985 17 5

20 8 48 12539 61650 11 48

13 36 33 53543 53306 40 42

7 25 44 65144 7450 13 47

48 18 34 93510 35312 25 22

31 5 25 35338 82920 39 38

28 17 36 54289 27723 11 19

3 27 35 95354 61275 24 16

20 47 45 2051 76602 41 41

12 47 48 69426 94882 47 20

29 43 48 13411 58004 43 28

17 42 1 7929 46953 9 43

45 32 10 5843 94671 21 28

31 15 13 45615 15682 11 48

30 32 48 12457 45918 33 19

42 37 17 11136 82027 31 27

18 30 36 72777 50919 34 42

1 2 19 80193 54922 10 31

12 19 31 99835 37061 18 46

35 18 26 86611 48794 32 5

31 6 10 48252 44206 19 7

9 7 28 55590 80438 27 42

29 19 49 4436 91502 31 41

1 47 31 23565 75870 48 37

9 31 23 55942 80341 37 35

4 7 32 2676 1839 41 3

25 7 15 98434 64930 9 48

37 27 46 5464 61861 35 21

36 19 34 9863 98393 49 40

45 17 3 50206 82550 10 14

18 8 33 26284 28110 42 46

17 4 17 46530 20109 39 41

30 16 12 41563 959 24 15

23 18 9 42749 80861 30 44

23 3 6 6668 92719 39 5

19 12 4 21687 9135 34 35

44 14 6 13207 48411 34 7

46 39 35 67238 96669 31 49

2 10 22 16264 11282 43 30

20 16 48 44901 84233 3 28

32 11 45 10733 67443 27 22

20 9 38 33457 82498 32 17

33 29 26 12581 80727 39 11

1 27 33 12767 20372 40 49

26 44 3 45755 99700 13 1

5 32 41 2698 1662 3 22

45 24 19 96923 7609 24 14

15 3 23 51677 79704 45 16

30 4 16 28517 34956 49 8

33 11 6 20474 62239 16 7

47 1 19 11039 45337 35 49

15 6 36 78584 80335 31 26

39 1 18 47095 91215 25 40

12 13 47 94135 82378 36 45

40 17 14 11673 62162 35 25

37 49 21 12388 42129 44 1

31 34 13 66708 27334 4 42

16 45 28 97436 82691 15 27

40 49 2 82313 72440 2 44

46 11 46 27824 84451 9 34

38 32 12 77716 51150 44 17

37 45 45 25538 64316 3 33

37 44 46 30817 11627 29 36

38 20 42 86531 31265 39 28

33 3 1 17884 51620 36 39

18 27 29 39084 54977 27 24

45 43 11 95598 56892 30 49

17 13 31 70055 64820 19 36

24 46 23 73870 69613 33 28

18 35 8 24656 88205 23 38

16 12 13 9956 54388 41 12

20 44 11 55734 90961 28 11

41 26 8 93000 88408 35 10

14 36 26 78535 59555 33 19

37 38 2 81232 30883 49 44

44 26 40 19580 33349 21 5

10 41 36 49423 80002 30 32

35 42 24 50178 28899 41 1

45 24 19 48606 62075 9 29

2 41 5 36161 60305 16 47

29 5 49 31646 35747 8 33

11 21 42 65691 9120 16 8

17 15 45 80302 62491 38 39

6 21 16 4475 70039 20 18

28 14 48 56165 42468 29 42

19 13 47 26301 5715 12 49

13 24 44 22821 14950 15 22

41 27 19 72759 83763 49 40

21 44 23 89093 94263 21 45

28 22 34 5802 92702 10 29

29 41 35 33214 21097 20 38

21 20 39 36114 87278 43 45

15 3 33 86455 99091 1 3

31 43 34 31675 62887 16 36

14 15 16 77394 74447 3 45

9 30 48 25016 58899 8 37

32 43 27 25739 23077 28 44

48 18 10 83361 59500 17 13

10 15 26 8101 94403 42 29

21 34 5 86648 18532 44 32

42 46 8 3271 97092 45 49

4 19 19 24227 91467 46 34

23 30 28 56210 32463 27 21

16 5 38 339 12777 14 22

18 4 9 30475 32580 39 23

49 17 10 31356 46481 44 14

3 38 8 67449 14189 19 19

18 8 20 35676 49098 36 47

46 37 7 89828 46255 43 32

36 12 21 41927 35174 1 24

5 19 35 91872 85106 39 26

37 11 42 96802 48157 12 13

48 33 12 20839 55132 3 7

3 12 45 30276 15232 8 32

6 38 42 34512 40344 30 17

12 6 42 67627 39337 4 31

39 35 8 64628 54012 28 38

37 14 15 23083 61723 29 39

45 49 25 79597 92452 33 30

15 26 25 26768 14059 27 17

30 2 42 47511 65838 26 49

25 16 34 1813 26866 24 5

39 25 47 81031 4684 28 37

45 45 49 90055 32925 3 5

20 6 36 98387 22873 31 21

30 34 2 48541 46797 8 47

30 24 45 68118 88773 38 22

20 8 21 88946 45215 3 39

20 37 35 19641 50149 47 4

33 12 28 64941 51316 7 12

40 28 22 3066 29300 45 42

32 3 47 5325 22149 19 41

9 38 47 90256 19228 42 49

9 45 13 28572 30961 2 12

35 37 15 29563 99707 2 11

9 13 28 50324 36974 46 28

39 17 16 14191 30719 30 4

16 41 49 96619 38356 36 9

28 48 36 91237 22623 25 19

4 48 1 51938 58880 36 26

28 42 23 49008 54742 40 14

4 2 41 57489 44417 33 9

16 49 26 1916 76530 44 6

29 37 47 54430 32131 37 18

34 46 18 43938 89548 17 39

9 9 17 52822 36578 27 49

46 12 47 63546 31363 46 11

28 28 16 91653 56175 26 15

46 30 37 99475 76121 5 36

6 5 33 72764 20569 2 8

2 27 47 36991 68305 16 5

30 33 3 54340 57904 12 10

18 29 40 48579 17635 48 28

5 47 2 13442 68915 38 34

20 40 9 55951 92775 15 25

36 33 19 60348 49146 28 7

32 5 6 90132 59412 24 35

19 34 11 44960 33974 42 33

30 18 44 31717 45140 4 44

19 37 17 18507 11783 2 32

46 2 10 64761 32573 17 7

36 28 16 14941 98503 10 3

23 2 46 82536 14910 21 6

39 28 32 55655 60391 49 22

9 48 36 33291 46882 3 20

41 31 29 64043 33714 13 47

20 49 13 99832 15118 20 31

10 6 43 51272 51883 2 20

24 6 31 26022 8130 24 22

44 14 7 84626 60028 31 6

18 14 17 44572 35440 46 48

26 17 29 22497 76742 40 2

35 12 11 70457 8306 39 12

29 5 38 31018 59082 28 40

43 8 48 90773 49445 37 4

14 33 33 55977 60860 11 42

41 40 44 19006 50815 22 9

35 29 30 45587 84751 45 14

13 44 47 62377 90090 5 40

10 36 42 80779 94557 49 12

31 28 44 58150 16597 49 31

44 24 48 19902 25933 14 35

15 47 20 14130 98951 42 21

42 20 6 39147 22994 10 22

8 21 8 76272 80105 24 48

24 29 32 68101 60153 13 45

25 8 44 5276 96653 42 43

5 37 38 85174 93290 35 3

2 1 30 66664 46330 49 46

10 22 3 73019 78230 47 48

36 6 27 99370 74721 47 7

48 19 25 76307 76334 21 30

14 25 36 48934 60610 48 27

48 43 1 24674 56185 14 49

32 9 2 12957 54620 48 5

49 6 3 77237 78572 28 47

32 32 43 33563 37221 15 21

17 29 18 75233 24722 35 2

49 8 1 60503 18897 48 25

45 44 17 29548 95272 2 28

5 41 27 48545 54649 25 32

13 22 15 89718 25858 10 17

18 20 30 59103 74014 8 7

1 35 27 29480 32637 39 48

42 12 21 41718 99802 8 33

35 42 40 43398 64396 49 14

32 19 20 92388 42771 43 24

12 20 26 20066 9977 10 27

11 28 17 88255 52181 36 29

9 40 3 7133 9204 32 7

37 37 44 21727 80837 34 23

38 19 38 47616 893 42 36

18 6 10 75362 32268 41 1

44 1 8 57034 7536 17 17

32 28 2 74571 81591 24 12

37 15 19 25810 20787 2 16

34 45 47 28800 29761 21 12

34 49 39 43518 83983 8 37

39 26 3 84276 30185 47 40

3 40 20 13589 26641 14 4

37 38 41 80995 2983 8 27

33 38 7 1361 86365 41 20

29 7 37 56071 47685 35 17

44 48 27 24761 32553 3 3

48 24 10 37753 38672 40 33

28 41 46 35229 68199 11 4

16 46 42 81966 51482 41 26

23 45 39 63770 79771 18 15

43 27 24 85176 99081 35 26

20 29 18 15557 96285 1 48

11 35 24 8428 54414 24 27

45 34 16 75657 28627 2 45

37 17 19 53586 17428 18 10

27 35 48 65081 43152 16 6

32 24 44 99583 67197 49 38

10 14 18 80278 18054 44 5

45 2 9 79225 2821 12 41

39 34 17 29973 1747 34 13

30 4 33 46640 5141 2 25

46 15 36 81479 60328 43 7

22 48 44 76576 63916 26 40

38 30 22 87350 50514 30 34

2 41 25 63622 94256 47 44

45 41 33 92055 84086 11 13

15 16 13 3137 78954 3 19

31 8 35 24892 98125 16 14

8 49 10 230 91761 39 22

46 27 34 31034 46351 26 44

33 11 32 28078 44936 25 9

47 14 42 64543 83902 23 40

22 25 35 96268 9711 2 27

23 45 16 48220 27210 30 15

20 32 38 46333 80189 45 21

34 31 39 65456 5849 2 20

18 3 35 74038 88937 49 22

19 12 38 38942 33666 45 44

17 15 47 70906 39230 41 48

8 29 10 38152 66292 14 42

27 23 47 39549 98037 40 17

5 48 47 10337 59582 29 49

5 23 5 75161 58764 25 40

5 31 49 9151 53920 1 29

21 5 7 8418 74491 47 27

31 43 12 76711 59035 22 4

9 35 49 97582 93706 20 3

47 7 4 57094 61859 34 26

23 12 33 74810 48602 9 1

45 32 10 37241 26789 7 48

20 6 25 7457 68273 39 45

4 31 12 48402 7906 33 37

5 8 41 7835 84199 37 24

32 36 34 70405 10789 41 39

8 14 34 26618 41288 43 43

2 8 33 97093 80200 42 34

25 4 26 87389 24678 24 4

30 14 11 83367 68531 36 36

41 34 45 21675 74692 41 49

13 28 3 88007 73209 3 23

30 9 18 86183 81809 43 48

38 25 30 28565 85892 26 48

20 47 26 87620 45918 28 25

37 48 34 41654 70506 47 19

27 10 45 73640 26905 25 24

35 31 25 7285 57978 15 17

34 4 49 46457 62343 49 43

46 27 40 866 42725 47 23

32 49 34 39300 52997 34 30

13 25 31 91354 35732 3 18

4 36 46 83046 65890 22 38

15 16 21 27580 96103 20 46

32 33 48 18130 45451 20 36

8 37 12 66112 67866 27 4

15 17 30 90494 19263 36 38

20 40 13 9220 73513 22 5

43 35 8 48566 66213 15 39

10 2 14 5626 87209 27 18

8 7 5 59853 49601 21 17

43 7 4 58409 37073 28 49

31 26 22 4556 22686 20 42

45 39 27 24513 61087 19 7

36 40 3 4007 52706 25 36

46 27 17 44495 57009 7 1

44 7 3 68827 1072 13 30

34 37 5 70481 14542 20 4

29 40 38 12935 20005 3 48

30 47 10 48925 8814 3 3

3 9 31 79351 65964 42 11

29 34 45 37028 99148 47 11

28 46 46 16195 26081 25 16

3 8 34 20657 35426 3 32

16 28 3 61896 28168 26 38

26 38 18 88061 91750 20 9

40 20 35 70750 52723 10 19

12 27 43 14406 37831 9 1

34 15 10 34359 31999 48 46

2 1 4 99840 3871 39 15

49 18 21 47212 74354 5 38

13 47 1 76848 60889 20 21

44 40 26 46466 59962 29 44

34 9 25 32734 80197 29 25

32 41 41 8341 88993 19 12

16 19 1 36074 3189 44 47

33 47 16 50083 7339 15 49

30 24 49 30078 93319 19 18

49 9 34 22232 36327 34 37

24 5 23 35283 1865 38 28

20 38 29 25806 83821 34 33

4 3 4 16653 88818 45 34

45 36 27 64188 41678 41 18

9 38 45 85145 68190 23 6

47 27 34 81468 82552 12 29

39 24 29 97103 9799 21 35

11 24 23 91462 97617 12 4

33 27 21 61238 30253 15 4

21 7 11 74675 32208 2 38

45 22 2 43399 807 22 1

13 22 45 40873 90494 13 28

36 21 45 60860 58283 12 7

16 20 2 56562 35503 5 8

13 40 12 81039 55988 24 43

31 8 41 12691 68915 19 4

3 47 2 88234 44415 42 44

43 10 3 83811 42147 30 16

7 29 18 30839 91432 30 46

21 20 26 35570 82236 29 3

35 40 35 9005 23154 9 43

42 36 12 99938 73623 36 11

49 16 6 85927 40352 32 1

45 29 29 86888 97677 32 36

26 37 47 63119 129 28 30

38 24 9 3534 83087 22 35

9 11 12 57293 6261 33 44

30 23 2 13556 5029 34 43

49 35 10 28549 77597 46 11

31 48 13 43929 15432 20 39

4 38 40 48025 1056 21 29

40 22 28 62279 11595 28 38

4 45 18 63513 4940 23 21

23 18 16 61448 92284 29 17

39 46 27 79308 5667 8 15

16 6 23 23202 17155 32 39

20 32 35 64224 18998 21 36

9 38 26 12273 79215 34 24

9 36 32 16572 54581 9 31

34 15 8 15774 36697 13 9

26 37 39 9020 96719 16 48

10 19 12 52702 49925 33 23

2 20 46 14063 42979 13 2

16 20 17 36503 13692 13 7

13 9 40 20136 26631 30 6

14 5 28 39159 75277 28 34

36 11 21 11279 40914 38 23

37 36 32 52404 65607 36 23

44 48 37 38452 74206 33 45

17 43 47 52024 46399 30 13

40 1 15 29053 57450 9 24

10 24 26 75780 16728 36 34

1 25 44 31811 97459 9 18

31 37 25 55588 22840 41 24

34 25 15 73730 77953 37 40

43 11 1 76889 50404 6 12

23 32 45 65549 57506 23 15

46 45 13 65454 30799 14 21

45 5 17 22454 89367 48 2

26 17 15 47912 54944 32 27

35 25 24 87005 47414 43 6

47 7 12 24695 37296 13 46

18 18 43 89161 3746 39 4

17 22 34 83317 30584 9 44

26 13 3 79629 5593 16 42

10 32 3 17755 95838 40 9

14 25 21 78241 65912 8 16

37 25 17 87216 42775 30 38

19 44 47 70498 48923 10 48

48 34 9 46643 74539 28 20

10 1 26 38082 19888 48 2

40 12 9 52599 10979 39 2

44 3 42 5283 49949 15 28

37 27 34 65658 11481 5 41

47 10 39 35096 3135 11 14

16 20 39 40347 30942 41 21

41 38 6 69080 3431 49 3

7 5 12 94834 32395 47 44

11 11 21 99055 29594 1 15

16 22 44 53773 93091 27 5

6 29 48 85278 39578 44 36

13 10 1 35772 64992 29 8

28 28 12 2132 25972 49 37

24 22 4 28538 12969 42 7

32 15 5 87087 15466 32 2

14 48 45 4741 31194 39 9

47 37 11 50633 80721 4 17

27 28 27 18754 43241 13 49

7 41 30 15422 55659 19 3

48 4 10 28631 24029 6 47

14 28 25 37773 2417 6 35

11 7 31 29116 11462 14 24

45 47 16 35817 56866 46 41

48 38 26 21007 96338 21 47

24 39 49 11008 21302 42 24

14 19 16 15628 66041 40 10

35 2 41 48167 610 24 48

32 36 19 9520 68081 42 6

23 46 9 16549 18169 12 31

24 9 17 39688 53116 21 13

11 23 19 57864 58122 46 35

32 18 19 58963 67018 38 28

9 20 29 30294 7887 22 31

41 24 13 401 44623 12 36

1 13 24 3050 12681 41 3

27 49 24 34179 77449 36 5

33 47 39 7825 97440 45 15

17 6 19 9322 36626 19 3

20 32 12 92654 89424 1 34

4 9 8 79156 9366 25 48

41 2 36 23532 68548 21 21

13 18 28 41460 22983 42 16

6 4 46 91897 61311 15 40

38 1 17 55146 69659 41 32

11 6 44 69810 49119 27 35

14 21 9 18197 2460 43 15

37 25 34 50391 9387 21 10

9 13 29 50612 22827 36 13

7 34 44 38197 84568 18 14

35 27 10 45849 62629 23 18

28 8 35 54008 80236 23 38

19 21 32 31138 12169 25 46

27 27 4 21965 60348 38 14

7 25 5 42621 13451 46 44

27 28 19 34024 40158 46 38

10 1 15 52525 27334 3 21

12 14 8 56455 72968 2 39

43 27 36 36978 24661 25 23

39 48 4 5879 15291 26 14

1 27 14 17412 33071 39 1

35 37 35 57576 63012 39 6

8 38 31 44635 31032 27 9

35 45 11 66978 16239 49 49

31 38 19 13158 17780 24 49

8 7 37 44844 74539 20 42

47 6 23 4823 53119 2 3

16 16 30 18372 55717 18 11

21 45 42 89931 27906 25 17

24 14 7 12797 65376 3 27

41 37 19 30773 98148 31 4

33 45 10 77774 22250 30 30

40 10 28 51824 31383 17 19

4 14 44 91885 25787 15 45

33 44 44 42423 2936 33 32

39 47 44 64323 23870 34 40

8 22 43 72485 84873 46 20

49 32 37 48533 98713 44 33

25 39 33 54717 33788 35 10

47 29 25 23128 19841 6 23

12 49 27 45024 67359 1 13

39 13 10 24912 85424 17 33

3 12 45 21280 50022 12 28

25 14 35 54081 64907 18 8

29 16 8 55909 61803 16 18

3 3 40 63762 97427 17 38

24 5 46 28260 8241 36 47

39 48 26 26320 28954 16 24

6 20 32 23709 87091 27 31

15 30 22 73546 18962 47 1

30 1 18 38033 85500 36 18

23 26 39 59470 20046 11 6

30 2 41 31187 64821 40 37

37 23 31 50730 35459 29 37

35 11 47 1731 11229 24 18

47 44 19 12804 41666 11 38

41 32 2 56991 8020 24 15

44 21 42 52560 62205 4 42

19 32 34 52935 86738 13 44

47 49 46 31024 88819 14 6

31 16 14 21993 23798 6 29

32 35 40 96567 55245 15 43

28 12 15 99143 8430 17 13

30 45 36 81423 90193 39 1

4 25 11 72664 50191 27 15

43 37 43 7148 22862 23 6

17 5 17 25539 85093 23 14

44 32 2 91750 95237 11 17

6 21 32 31143 89933 43 19

23 27 49 40987 74445 8 10

33 14 19 98934 54900 26 22

25 13 44 49651 42029 29 16

28 16 17 86704 58667 21 42

11 21 27 28104 13622 5 29

30 30 18 76081 51389 14 49

13 19 22 36266 35291 8 13

25 34 33 25095 71757 20 28

19 20 48 91537 73507 12 12

5 34 20 46943 3524 44 46

46 1 40 74124 41390 36 1

3 23 48 88904 3691 27 33

38 35 4 37394 67003 14 13

15 34 11 60918 94960 27 17

41 39 45 90771 9540 7 32

32 20 16 28103 3922 27 25

44 22 37 80179 20963 39 20

21 1 8 81284 95042 6 17

4 39 48 62227 65457 20 11

30 46 32 2185 61609 46 20

3 35 27 31822 58805 20 49

11 44 35 42391 11172 24 45

30 26 22 6863 10256 15 30

16 45 35 89673 38762 32 16

39 42 45 92541 44462 22 18

9 40 21 34697 57230 11 7

36 29 45 61881 51040 48 37

43 23 47 25258 68988 22 41

44 5 14 4648 74245 29 43

11 47 20 93969 27592 10 12

22 26 5 60047 69175 34 45

43 11 27 5486 63501 18 36

49 41 3 32236 59960 37 34

49 17 18 97435 48209 48 28

15 32 26 29452 28380 16 43

21 6 5 36767 3399 19 36

47 11 32 45516 24547 13 46

7 10 40 31697 33342 22 4

32 24 13 54309 76519 30 43

1 36 42 67087 36257 8 17

31 26 23 71770 83418 49 14

7 4 11 22185 93670 16 35

48 42 23 74270 3767 30 12

36 13 1 99872 78704 46 15

38 46 10 11907 14560 8 9

10 21 49 38460 1463 22 1

3 31 49 74590 56824 17 12

27 11 42 23382 93003 8 37

8 47 28 46797 34172 1 40

32 13 19 24516 43303 37 2

26 25 24 14818 50386 44 18

3 2 11 4661 89406 41 48

10 32 27 48090 72995 10 44

34 48 36 61325 90362 47 7

10 15 17 27877 5312 25 40

29 3 26 83843 45497 23 16

18 31 30 95291 15913 1 37

12 9 13 60263 56046 43 39

17 17 30 80974 49939 41 4

48 48 39 10235 37134 32 5

45 28 27 75662 92477 19 25

13 40 4 91307 84971 29 49

39 16 27 33449 80445 1 11

13 2 32 60275 59270 42 40

29 29 11 81546 1975 46 30

43 15 42 55597 45621 2 25

47 7 15 35652 81035 13 38

3 31 39 81007 31966 2 25

17 12 23 24779 59470 28 46

35 19 47 66226 68707 46 23

4 6 19 95167 29015 4 4

31 5 3 23928 81373 21 39

22 42 37 3432 29970 15 10

36 40 31 59065 70697 15 11

40 3 46 61525 52393 35 39

49 1 13 969 11779 26 40

37 27 32 52698 5967 32 5

36 28 38 62459 23258 28 21

45 24 45 22459 31722 25 18

22 27 28 10111 68755 3 44

44 20 37 37658 61056 11 24

6 43 49 97200 62417 26 19

30 9 15 79488 97597 40 3

21 38 5 76002 37796 32 40

11 49 43 94767 64719 23 45

18 49 45 2945 78200 6 17

11 39 35 47759 13924 15 15

44 34 4 4359 30633 13 23

34 30 4 57750 19061 2 27

27 17 36 99834 95950 36 41

49 24 38 53962 28842 30 37

11 2 45 60924 58015 48 38

21 41 39 26908 34382 5 24

48 7 1 68353 34263 38 8

15 28 33 76769 5433 4 25

1 15 42 28860 14221 23 27

32 25 24 94968 71528 27 10

15 39 11 74180 99246 24 23

42 4 29 3959 59856 5 46

9 14 11 30139 99755 44 29

43 3 42 84696 25176 42 36

46 23 7 47764 15316 5 40

39 29 10 23660 71016 30 36

27 39 45 60418 8368 24 48

33 35 6 61858 17341 48 17

23 8 40 41091 59750 9 2

3 20 43 87061 65578 3 31

46 3 16 60862 36364 39 20

34 39 1 78981 81378 17 40

42 32 2 97034 11517 29 2

18 9 39 8714 15497 9 11

23 47 28 83098 16685 37 14

17 5 37 78552 51229 25 28

43 14 14 23636 20560 32 28

22 38 47 18661 15855 11 32

8 12 24 14132 42744 7 16

29 23 43 46263 63116 26 19

9 1 45 46978 12255 43 16

35 37 20 11019 36061 37 22

48 24 42 36050 17335 35 49

46 17 32 83966 7064 33 41

25 48 38 45996 9095 48 11

22 22 18 9915 86808 2 17

24 2 32 3791 7958 7 37

13 38 8 82949 73247 13 20

16 17 27 72961 91235 16 36

2 22 31 20640 48752 1 9

21 42 18 75538 7097 19 9

20 17 41 73675 1933 18 31

5 43 25 22917 49783 26 38

46 43 37 46361 52650 29 8

29 40 46 2729 42295 20 31

36 28 41 88472 90607 13 49

30 1 23 20204 29454 31 32

44 11 6 20896 11771 18 19

1 13 11 72204 26697 29 19

32 18 46 89573 13747 37 32

27 9 41 79400 37190 23 48

28 6 11 88725 65190 38 43

41 11 43 63006 85932 18 48

43 44 20 3363 3031 18 3

44 13 28 51104 14413 40 26

35 13 48 74254 82550 3 35

5 15 41 4624 45570 7 23

6 11 21 4527 89680 38 17

43 42 43 92247 19262 16 14

31 4 39 50887 97298 18 10

7 27 14 92496 35361 19 7

20 38 43 98077 69045 23 27

10 3 35 6823 762 46 29

38 27 39 29744 22138 1 1

7 31 27 50020 31988 30 27

46 11 22 12338 80777 6 47

40 43 27 12666 55159 35 16

29 31 32 33191 16819 29 23

9 17 31 94139 95902 26 9

45 13 26 73246 44893 34 28

2 48 49 87570 40325 40 1

39 9 28 42042 64140 32 15

48 31 28 55514 15808 41 27

43 49 27 38897 49970 6 4

38 34 47 66652 9809 1 39

7 2 30 64015 20521 30 17

27 7 11 84429 50173 30 40

28 22 12 25708 8835 48 15

44 21 40 58757 15589 39 17

22 49 31 82076 83373 5 22

45 38 30 52377 40254 6 39

17 43 40 68264 41902 8 30

27 13 33 59771 32050 35 3

14 15 34 54458 19816 32 28

20 45 11 75607 54998 20 7

41 37 19 72998 83591 4 31

46 13 42 85791 48639 30 36

20 18 16 36084 44102 49 4

33 30 39 9193 63129 26 2

13 34 47 80685 3325 26 7

6 30 40 51136 77117 48 21

28 44 17 53921 22169 46 43

5 45 31 54154 55708 40 43

11 47 28 39169 99834 25 20

15 29 32 37777 35435 17 3

20 32 2 68547 25499 16 29

32 3 17 21931 20656 38 31

14 45 2 69488 54829 44 35

23 16 36 89956 3669 38 43

41 44 4 15461 99249 21 28

39 1 29 14470 42136 46 26

29 2 40 30796 8324 17 20

34 19 43 13516 17664 10 14

42 34 11 87807 70511 42 44

9 25 2 86480 38810 1 45

22 7 12 33304 1645 41 45

23 47 26 37120 17903 27 19

44 23 48 78117 1614 15 12

13 16 29 76963 62301 5 34

46 1 9 26505 95424 21 7

30 40 9 70622 95636 46 23

17 23 18 52313 62263 44 17

23 29 17 69748 21175 3 11

34 22 9 89417 89861 42 36

11 42 42 46056 72848 9 13

42 39 21 38882 86205 33 29

25 21 33 14011 25495 40 21

8 23 2 51291 58739 8 22

46 19 4 34215 11560 48 18

12 24 1 92674 66237 31 28

48 8 17 86141 63601 35 4

25 42 49 61534 31516 15 25

0.01 10000 10000
