100000 100000 0.2

100
41 19 15 53694 95454 6 22

45 1 31 69758 98947 40 20

48 12 33 83577 45363 40 18

13 31 4 33644 50336 13 49

15 8 17 50349 35372 11 30

20 48 18 70218 51046 14 5

47 15 28 77907 48674 24 48

30 49 32 59116 92028 15 32

7 27 43 96176 59994 40 33

30 39 47 5184 87867 49 28

34 35 41 44493 86351 30 30

28 3 44 97179 75016 44 28

32 22 33 99514 52476 18 22

27 39 18 34021 67585 41 11

8 4 27 7164 6595 42 37

3 25 25 65367 74740 20 49

40 48 17 91683 72813 24 5

28 46 11 92921 15779 32 31

49 8 26 65695 97666 18 34

26 40 33 14929 88497 35 21

21 35 9 63215 27366 26 3

24 45 45 33928 52087 41 9

47 9 28 96829 92976 19 6

12 28 8 47080 65613 3 22

6 16 14 16193 45142 39 10

4 8 23 79123 1569 39 49

11 8 49 15407 92738 17 4

27 17 27 96136 11484 8 12

32 47 17 84833 95935 2 23

40 43 2 81667 88453 4 16

27 26 10 92613 18994 12 2

17 15 35 2460 13843 6 1

42 33 26 9355 56923 24 7

14 13 26 39182 5529 44 16

40 27 16 39476 32240 17 26

18 3 35 51137 67904 43 18

24 24 44 93140 30326 12 48

38 15 23 58799 90121 11 45

17 4 12 28382 8401 18 12

11 33 45 57419 49827 31 8

14 14 26 32768 28011 49 27

13 19 27 93407 13414 15 48

43 26 18 7059 69747 15 19

48 29 31 71731 875 12 7

10 32 13 46450 41530 29 3

36 1 44 1838 8390 23 49

12 33 21 47801 7799 37 35

39 11 21 84851 27456 42 21

8 6 42 8835 50206 19 44

36 4 8 54965 81105 35 49

1 44 25 24272 29723 20 10

7 39 48 99149 43113 2 7

17 18 40 27478 95372 46 40

20 5 43 13065 24962 10 28

11 12 40 34995 97837 16 15

32 30 15 46782 47841 2 37

49 15 30 84670 35896 2 21

23 33 6 72130 9747 31 1

20 20 24 22136 12647 40 6

29 27 48 81689 31885 16 16

2 11 5 54522 87517 27 10

43 28 43 15389 95373 9 46

21 38 19 66597 46306 16 21

38 18 1 81947 47963 28 23

37 37 16 51443 94954 6 43

45 23 14 53908 10621 9 32

37 5 28 64542 65458 2 46

32 32 33 47471 37248 41 23

10 14 32 45767 50217 8 33

46 27 21 31987 46057 46 38

23 5 11 14114 1790 45 16

12 4 29 74661 18224 46 7

32 37 27 96083 64404 36 38

1 26 15 91978 61246 27 31

34 48 21 37513 6897 12 6

39 37 48 3881 69177 16 20

8 49 18 62514 21516 40 34

17 33 19 12217 95776 10 23

42 49 49 737 99534 22 25

18 37 23 53066 55581 42 12

37 37 1 43994 46898 23 27

35 5 13 41385 13242 22 45

28 8 41 35999 33709 1 47

24 47 38 1879 59647 49 26

1 4 6 96849 91570 13 42

47 24 28 63281 62857 28 31

31 25 29 6451 49614 4 24

13 44 12 3610 16122 23 2

15 2 48 51910 3103 5 1

15 14 2 30588 70596 31 46

30 38 15 44019 65913 30 27

3 22 28 85543 69432 30 45

1 44 7 21073 79602 32 17

15 34 20 44071 58335 2 3

47 45 3 31286 84061 27 26

1 15 3 43098 12014 10 29

17 27 18 43350 23239 13 6

43 29 48 1686 19675 37 19

16 34 16 47369 88248 45 2

1 38 8 23052 951 40 31

0.001 500 100000
