30
484.81374752488864 2918.9370186853225
2008.5143000523576 955.7783446990156
4063.5497684031616 2511.663777670191
2777.7350082772064 1264.483660542408
1855.69197574314 1441.9431292178808
2991.826310307799 1843.3324010005242
3724.734195345153 3407.6107901728346
1188.7451002422902 1983.1027234145477
2760.981001872566 1745.0078896562875
3386.219810173367 791.8655490258723
1416.9003269402529 99.62602031665064
2301.719440523644 3349.6305672744174
1173.3077170383492 1979.0734199711367
2191.5026066570085 3033.7084520684634
949.1038230742607 1215.6789898642066
2470.4436902929324 835.1032301344019
979.5144075662154 2341.8317049611355
2877.4755285633323 1819.361159722631
2161.0285026839333 2971.4290035928457
1338.2847181739864 952.4642019014195
1738.5047482526656 1586.1266293847457
215.9185789151182 208.86932840485017
3687.4838377980423 277.4700500751751
2602.250412507851 194.86447747903546
3241.5601672418647 2446.7540916613134
2689.814705298345 2441.7191196481444
391.1392068291701 1575.9658469619635
3974.102592855883 2079.7121661259
215.17237935814083 173.18096022121117
961.9369715631293 2112.7698299033477
